47675
53741
25031
42442
33127
13453
554
47481
98716
13758
15260
35913
62850
25988
48327
24943
29901
19624
89127
73384
12749
43516
16520
4554
18820
99321
64279
46355
60157
1381
16928
19471
97161
78104
9822
53789
36622
6106
72144
45046
93396
4186
6743
74752
51610
44933
47006
73236
52936
93351
74362
18322
89846
17919
66991
37312
39069
60731
75896
50936
46980
65669
30220
9308
34728
62789
4508
51816
70930
7639
56922
96967
37103
56414
98252
94846
12859
65867
68788
95425
69645
84628
46218
24821
42336
79
21016
31594
34777
38048
83330
2785
28125
48298
93594
15456
44308
46712
15788
3520
